463.000
439.000
403.000
443.000
425.000
457.000
466.000
409.000
438.000
413.000
426.000
418.000
409.000
442.000
447.000
436.000
418.000
470.000
425.000
399.000
430.000
440.000
464.000
428.000
410.000
418.000
442.000
439.000
435.000
459.000
468.000
430.000
438.000
425.000
440.000
442.000
430.000
439.000
447.000
481.000
435.000
449.000
444.000
451.000
426.000
448.000
396.000
451.000
431.000
436.000
442.000
437.000
445.000
429.000
428.000
449.000
426.000
426.000
431.000
436.000
409.000
434.000
419.000
435.000
448.000
412.000
429.000
398.000
461.000
440.000
422.000
443.000
441.000
401.000
465.000
446.000
447.000
407.000
465.000
416.000
444.000
457.000
426.000
404.000
449.000
414.000
424.000
451.000
409.000
467.000
427.000
445.000
417.000
449.000
442.000
431.000
448.000
442.000
437.000
432.000
438.000
440.000
429.000
411.000
419.000
414.000
447.000
464.000
419.000
476.000
453.000
442.000
424.000
467.000
445.000
398.000
418.000
468.000
459.000
464.000
446.000
425.000
391.000
423.000
443.000
413.000
418.000
490.000
419.000
425.000
442.000
452.000
426.000
443.000
447.000
449.000
427.000
417.000
421.000
408.000
420.000
429.000
439.000
428.000
431.000
412.000
446.000
457.000
449.000
446.000
415.000
413.000
417.000
464.000
417.000
424.000
417.000
427.000
447.000
436.000
471.000
426.000
427.000
441.000
422.000
461.000
397.000
434.000
406.000
375.000
465.000
440.000
426.000
438.000
385.000
441.000
452.000
439.000
436.000
439.000
416.000
392.000
446.000
446.000
461.000
392.000
444.000
421.000
404.000
419.000
406.000
427.000
426.000
443.000
449.000
427.000
442.000
445.000
403.000
443.000
446.000
407.000
446.000
454.000
443.000
450.000
447.000
440.000
432.000
419.000
440.000
433.000
477.000
441.000
474.000
431.000
409.000
439.000
408.000
404.000
435.000
423.000
427.000
456.000
449.000
408.000
440.000
446.000
419.000
437.000
450.000
441.000
430.000
444.000
425.000
424.000
426.000
470.000
440.000
451.000
452.000
446.000
394.000
422.000
434.000
440.000
427.000
452.000
415.000
423.000
411.000
385.000
421.000
427.000
467.000
419.000
459.000
422.000
448.000
435.000
437.000
422.000
451.000
394.000
422.000
436.000
425.000
412.000
452.000
439.000
437.000
460.000
442.000
421.000
447.000
476.000
399.000
448.000
445.000
425.000
424.000
412.000
434.000
420.000
483.000
435.000
447.000
427.000
415.000
413.000
430.000
435.000
419.000
449.000
398.000
458.000
434.000
463.000
438.000
415.000
435.000
435.000
442.000
421.000
416.000
442.000
444.000
426.000
422.000
448.000
444.000
434.000
443.000
422.000
438.000
438.000
426.000
413.000
434.000
444.000
436.000
409.000
445.000
408.000
446.000
446.000
425.000
460.000
447.000
457.000
460.000
460.000
450.000
458.000
458.000
455.000
440.000
440.000
405.000
438.000
416.000
427.000
408.000
442.000
417.000
442.000
454.000
421.000
460.000
439.000
444.000
439.000
454.000
451.000
450.000
403.000
418.000
451.000
418.000
458.000
426.000
423.000
488.000
422.000
455.000
438.000
444.000
439.000
412.000
407.000
416.000
428.000
460.000
448.000
414.000
416.000
417.000
430.000
428.000
416.000
413.000
426.000
417.000
435.000
429.000
484.000
440.000
411.000
447.000
423.000
451.000
480.000
455.000
433.000
464.000
443.000
431.000
426.000
426.000
445.000
