23.000
22.000
19.000
33.000
27.000
31.000
19.000
23.000
22.000
27.000
19.000
17.000
27.000
25.000
25.000
24.000
33.000
23.000
28.000
30.000
19.000
28.000
21.000
15.000
23.000
24.000
31.000
29.000
22.000
39.000
29.000
30.000
23.000
22.000
18.000
26.000
18.000
16.000
29.000
26.000
27.000
27.000
22.000
29.000
30.000
29.000
22.000
16.000
25.000
20.000
25.000
26.000
30.000
36.000
26.000
32.000
27.000
19.000
30.000
25.000
30.000
24.000
21.000
19.000
30.000
27.000
29.000
17.000
19.000
29.000
20.000
22.000
31.000
31.000
32.000
22.000
20.000
18.000
17.000
15.000
29.000
33.000
21.000
29.000
22.000
22.000
27.000
19.000
29.000
26.000
18.000
25.000
25.000
16.000
20.000
22.000
32.000
26.000
25.000
27.000
27.000
30.000
28.000
31.000
28.000
28.000
15.000
27.000
33.000
21.000
23.000
21.000
31.000
36.000
39.000
22.000
29.000
32.000
23.000
21.000
24.000
25.000
34.000
26.000
26.000
19.000
27.000
26.000
29.000
23.000
24.000
28.000
26.000
26.000
32.000
23.000
25.000
21.000
22.000
22.000
24.000
26.000
27.000
27.000
25.000
25.000
27.000
25.000
30.000
23.000
28.000
21.000
20.000
26.000
29.000
33.000
19.000
33.000
27.000
26.000
33.000
24.000
26.000
29.000
25.000
25.000
28.000
19.000
27.000
24.000
26.000
25.000
26.000
18.000
17.000
26.000
25.000
33.000
26.000
26.000
27.000
30.000
18.000
33.000
26.000
23.000
30.000
25.000
30.000
20.000
33.000
37.000
19.000
17.000
14.000
18.000
19.000
23.000
23.000
25.000
28.000
20.000
22.000
27.000
21.000
20.000
22.000
24.000
28.000
19.000
32.000
28.000
24.000
22.000
25.000
24.000
16.000
26.000
31.000
25.000
26.000
26.000
20.000
26.000
23.000
26.000
34.000
22.000
20.000
18.000
30.000
30.000
17.000
19.000
28.000
36.000
19.000
25.000
27.000
29.000
22.000
34.000
33.000
19.000
21.000
19.000
28.000
26.000
29.000
27.000
