663.000
584.000
616.000
613.000
607.000
636.000
570.000
617.000
627.000
576.000
618.000
609.000
607.000
570.000
596.000
601.000
617.000
583.000
602.000
604.000
606.000
595.000
571.000
580.000
655.000
608.000
631.000
632.000
602.000
609.000
601.000
569.000
605.000
619.000
594.000
630.000
572.000
641.000
547.000
584.000
628.000
577.000
585.000
615.000
620.000
600.000
608.000
557.000
575.000
647.000
595.000
597.000
645.000
609.000
622.000
609.000
596.000
612.000
553.000
591.000
590.000
609.000
581.000
590.000
613.000
573.000
575.000
629.000
561.000
623.000
564.000
592.000
602.000
591.000
633.000
563.000
614.000
598.000
586.000
628.000
590.000
597.000
593.000
595.000
631.000
614.000
601.000
602.000
611.000
610.000
578.000
576.000
584.000
594.000
588.000
601.000
592.000
620.000
623.000
603.000
567.000
608.000
622.000
636.000
572.000
605.000
622.000
616.000
599.000
633.000
583.000
563.000
587.000
623.000
562.000
620.000
610.000
565.000
566.000
661.000
