365.000
328.000
329.000
328.000
333.000
309.000
339.000
319.000
308.000
353.000
343.000
338.000
368.000
351.000
316.000
344.000
320.000
293.000
328.000
315.000
336.000
333.000
356.000
351.000
328.000
341.000
323.000
354.000
359.000
354.000
352.000
387.000
338.000
360.000
312.000
339.000
336.000
324.000
330.000
296.000
295.000
335.000
333.000
326.000
360.000
341.000
303.000
304.000
343.000
330.000
338.000
328.000
370.000
334.000
341.000
358.000
341.000
338.000
318.000
298.000
325.000
322.000
320.000
312.000
318.000
337.000
307.000
344.000
347.000
373.000
317.000
317.000
348.000
346.000
345.000
329.000
331.000
368.000
316.000
339.000
326.000
341.000
332.000
344.000
308.000
317.000
379.000
317.000
343.000
363.000
361.000
336.000
322.000
350.000
323.000
329.000
332.000
343.000
373.000
345.000
325.000
355.000
321.000
317.000
329.000
348.000
334.000
302.000
320.000
349.000
297.000
335.000
334.000
304.000
326.000
348.000
321.000
311.000
339.000
315.000
330.000
326.000
344.000
351.000
371.000
330.000
323.000
335.000
318.000
357.000
354.000
349.000
323.000
310.000
323.000
312.000
337.000
334.000
295.000
325.000
301.000
307.000
348.000
306.000
336.000
343.000
346.000
338.000
357.000
340.000
329.000
326.000
392.000
331.000
340.000
334.000
319.000
336.000
344.000
340.000
