522.000
488.000
551.000
567.000
493.000
550.000
497.000
537.000
567.000
532.000
561.000
515.000
528.000
558.000
507.000
528.000
501.000
516.000
494.000
541.000
521.000
579.000
497.000
523.000
550.000
521.000
508.000
554.000
541.000
526.000
543.000
524.000
563.000
528.000
461.000
516.000
524.000
559.000
485.000
502.000
550.000
512.000
514.000
521.000
526.000
569.000
508.000
508.000
516.000
536.000
529.000
527.000
549.000
514.000
518.000
534.000
529.000
510.000
523.000
514.000
511.000
551.000
528.000
529.000
524.000
559.000
562.000
509.000
533.000
569.000
566.000
545.000
468.000
504.000
488.000
535.000
511.000
514.000
504.000
571.000
522.000
556.000
581.000
545.000
541.000
550.000
483.000
522.000
509.000
513.000
490.000
479.000
547.000
512.000
527.000
515.000
537.000
545.000
532.000
543.000
540.000
520.000
500.000
543.000
502.000
529.000
508.000
515.000
506.000
520.000
577.000
549.000
513.000
548.000
543.000
519.000
514.000
532.000
524.000
555.000
501.000
541.000
483.000
504.000
538.000
509.000
531.000
509.000
479.000
516.000
517.000
499.000
526.000
502.000
554.000
522.000
483.000
513.000
556.000
507.000
