64.000
71.000
68.000
64.000
73.000
69.000
68.000
74.000
64.000
60.000
60.000
71.000
73.000
85.000
59.000
89.000
62.000
68.000
86.000
66.000
75.000
73.000
70.000
62.000
68.000
58.000
76.000
83.000
76.000
79.000
83.000
61.000
64.000
86.000
77.000
80.000
65.000
83.000
62.000
78.000
70.000
67.000
64.000
69.000
78.000
71.000
85.000
72.000
68.000
86.000
60.000
73.000
92.000
63.000
66.000
75.000
81.000
82.000
76.000
74.000
75.000
82.000
67.000
73.000
76.000
68.000
62.000
65.000
77.000
80.000
78.000
67.000
65.000
64.000
74.000
81.000
61.000
80.000
78.000
78.000
60.000
82.000
69.000
76.000
78.000
79.000
74.000
71.000
88.000
82.000
82.000
62.000
61.000
58.000
77.000
73.000
73.000
66.000
65.000
78.000
69.000
61.000
77.000
75.000
69.000
75.000
81.000
67.000
75.000
80.000
97.000
74.000
59.000
78.000
66.000
70.000
64.000
66.000
84.000
71.000
67.000
68.000
72.000
63.000
72.000
72.000
65.000
74.000
80.000
71.000
63.000
68.000
70.000
61.000
77.000
65.000
75.000
79.000
59.000
76.000
65.000
84.000
76.000
78.000
65.000
89.000
82.000
70.000
64.000
73.000
82.000
75.000
69.000
70.000
83.000
79.000
60.000
56.000
68.000
59.000
73.000
72.000
76.000
69.000
101.000
71.000
69.000
66.000
80.000
79.000
61.000
71.000
83.000
70.000
74.000
70.000
76.000
81.000
73.000
74.000
70.000
69.000
74.000
77.000
67.000
80.000
78.000
89.000
67.000
74.000
68.000
67.000
80.000
85.000
65.000
71.000
68.000
74.000
57.000
77.000
70.000
82.000
64.000
66.000
79.000
65.000
76.000
73.000
93.000
77.000
69.000
68.000
77.000
77.000
68.000
69.000
69.000
75.000
72.000
67.000
85.000
73.000
80.000
87.000
83.000
69.000
85.000
87.000
74.000
61.000
58.000
72.000
82.000
66.000
72.000
83.000
68.000
76.000
58.000
67.000
70.000
64.000
74.000
68.000
65.000
95.000
75.000
72.000
73.000
64.000
67.000
76.000
76.000
57.000
72.000
76.000
81.000
75.000
72.000
78.000
73.000
55.000
78.000
70.000
68.000
68.000
68.000
68.000
63.000
68.000
93.000
62.000
69.000
81.000
60.000
71.000
85.000
66.000
65.000
66.000
71.000
71.000
87.000
69.000
64.000
63.000
74.000
83.000
83.000
69.000
92.000
77.000
69.000
83.000
75.000
71.000
66.000
84.000
63.000
62.000
86.000
68.000
82.000
63.000
61.000
77.000
83.000
66.000
79.000
78.000
65.000
52.000
65.000
60.000
81.000
82.000
78.000
71.000
67.000
69.000
68.000
80.000
79.000
80.000
71.000
88.000
74.000
55.000
70.000
79.000
77.000
71.000
74.000
86.000
84.000
68.000
80.000
58.000
72.000
60.000
69.000
76.000
85.000
78.000
79.000
76.000
69.000
71.000
78.000
71.000
76.000
88.000
63.000
65.000
79.000
71.000
64.000
66.000
93.000
73.000
72.000
61.000
61.000
56.000
72.000
72.000
65.000
83.000
73.000
87.000
82.000
78.000
86.000
67.000
73.000
82.000
66.000
82.000
76.000
73.000
72.000
91.000
63.000
76.000
67.000
71.000
84.000
76.000
80.000
77.000
69.000
70.000
64.000
66.000
74.000
59.000
83.000
71.000
69.000
80.000
