4970.000
5044.000
4779.000
4959.000
4927.000
4787.000
4840.000
4978.000
4934.000
4908.000
5036.000
4965.000
5078.000
4905.000
4819.000
4997.000
4790.000
4891.000
4962.000
4755.000
4911.000
4890.000
5034.000
4911.000
4976.000
4864.000
5019.000
4998.000
4902.000
4910.000
4846.000
4944.000
4956.000
4863.000
5025.000
4840.000
4846.000
4935.000
4935.000
4953.000
4972.000
4807.000
4861.000
4963.000
4902.000
4820.000
4909.000
4916.000
4990.000
4903.000
4958.000
4798.000
4999.000
4776.000
4847.000
4903.000
4894.000
4978.000
4939.000
4900.000
4984.000
4894.000
4984.000
4921.000
4959.000
4864.000
4907.000
4929.000
4885.000
4934.000
4985.000
4922.000
4847.000
4953.000
4866.000
5055.000
4826.000
4907.000
4942.000
4746.000
4742.000
4863.000
4915.000
4848.000
4830.000
5026.000
4884.000
4933.000
5005.000
4870.000
4869.000
4783.000
5025.000
4892.000
4851.000
4825.000
4958.000
5061.000
4923.000
4929.000
