141.000
147.000
132.000
139.000
144.000
142.000
118.000
124.000
138.000
139.000
150.000
124.000
135.000
118.000
125.000
115.000
133.000
113.000
132.000
139.000
145.000
156.000
133.000
138.000
140.000
131.000
128.000
147.000
119.000
134.000
142.000
120.000
122.000
123.000
140.000
132.000
137.000
130.000
135.000
126.000
149.000
140.000
144.000
134.000
140.000
131.000
154.000
139.000
107.000
136.000
128.000
126.000
118.000
118.000
128.000
131.000
129.000
150.000
126.000
146.000
123.000
165.000
132.000
146.000
123.000
122.000
136.000
145.000
137.000
118.000
134.000
129.000
124.000
133.000
123.000
130.000
125.000
117.000
122.000
141.000
136.000
122.000
130.000
141.000
145.000
118.000
139.000
145.000
127.000
131.000
119.000
150.000
133.000
114.000
103.000
142.000
133.000
128.000
120.000
131.000
130.000
133.000
115.000
122.000
123.000
142.000
132.000
134.000
151.000
126.000
126.000
135.000
126.000
129.000
150.000
132.000
127.000
131.000
133.000
143.000
135.000
129.000
134.000
125.000
123.000
157.000
146.000
134.000
131.000
142.000
153.000
130.000
142.000
149.000
120.000
134.000
118.000
137.000
138.000
145.000
146.000
128.000
150.000
119.000
136.000
135.000
171.000
140.000
149.000
118.000
135.000
115.000
122.000
133.000
139.000
144.000
128.000
158.000
150.000
143.000
134.000
119.000
142.000
136.000
143.000
150.000
138.000
122.000
131.000
134.000
147.000
125.000
138.000
131.000
157.000
150.000
149.000
144.000
111.000
138.000
135.000
124.000
135.000
130.000
141.000
131.000
117.000
143.000
121.000
123.000
132.000
129.000
133.000
138.000
133.000
149.000
149.000
136.000
134.000
146.000
123.000
148.000
158.000
138.000
133.000
136.000
120.000
118.000
137.000
130.000
125.000
120.000
118.000
126.000
123.000
119.000
109.000
117.000
137.000
144.000
145.000
139.000
135.000
140.000
142.000
132.000
157.000
158.000
158.000
126.000
123.000
121.000
129.000
125.000
136.000
140.000
128.000
126.000
137.000
118.000
148.000
128.000
121.000
125.000
116.000
146.000
134.000
141.000
137.000
138.000
114.000
139.000
122.000
159.000
143.000
132.000
116.000
128.000
137.000
136.000
123.000
146.000
118.000
129.000
138.000
145.000
144.000
141.000
136.000
147.000
127.000
145.000
118.000
115.000
127.000
141.000
126.000
141.000
111.000
132.000
137.000
129.000
140.000
140.000
123.000
119.000
120.000
145.000
155.000
144.000
130.000
129.000
126.000
116.000
127.000
139.000
130.000
125.000
161.000
134.000
