3328.000
3443.000
3580.000
3635.000
3524.000
3507.000
3470.000
3592.000
3528.000
3596.000
3530.000
3439.000
3545.000
3452.000
3658.000
3458.000
3543.000
3442.000
3575.000
3486.000
3585.000
3587.000
3558.000
3531.000
3588.000
3491.000
3468.000
3532.000
3494.000
3464.000
3607.000
3594.000
3441.000
3518.000
3557.000
3505.000
3376.000
3507.000
3496.000
3396.000
3599.000
3569.000
3567.000
3538.000
3510.000
3586.000
3555.000
3501.000
3650.000
3470.000
3467.000
3514.000
3451.000
3449.000
3457.000
3554.000
3591.000
3494.000
3614.000
3440.000
3552.000
3595.000
3495.000
3521.000
3629.000
3533.000
3465.000
3549.000
3585.000
3453.000
3680.000
3520.000
3465.000
3476.000
3516.000
3627.000
3497.000
3451.000
3467.000
3591.000
3544.000
3543.000
3505.000
3477.000
3518.000
3614.000
3430.000
3516.000
3539.000
3548.000
3636.000
3415.000
3490.000
3618.000
3507.000
3479.000
3470.000
3549.000
3525.000
3541.000
