1119.000
1145.000
1094.000
1154.000
1091.000
1142.000
1109.000
1125.000
1115.000
1117.000
1107.000
1126.000
1143.000
1097.000
1159.000
1094.000
1090.000
1149.000
1120.000
1075.000
1168.000
1083.000
1122.000
1142.000
1142.000
1127.000
1094.000
1141.000
1089.000
1082.000
1148.000
1096.000
1105.000
1150.000
1108.000
1160.000
1121.000
1111.000
1158.000
1050.000
1051.000
1123.000
1159.000
1124.000
1129.000
1135.000
1131.000
1091.000
1110.000
1198.000
1127.000
1087.000
1136.000
1104.000
1106.000
1124.000
1124.000
1087.000
1119.000
1045.000
1098.000
1137.000
1154.000
1148.000
1096.000
1094.000
1074.000
1142.000
1152.000
1185.000
1112.000
1157.000
1130.000
1135.000
1186.000
1088.000
1113.000
1074.000
1110.000
1052.000
1033.000
1150.000
1123.000
1126.000
1176.000
1142.000
1134.000
1118.000
1120.000
1147.000
1125.000
1085.000
1172.000
1056.000
1214.000
1111.000
1102.000
1111.000
1162.000
1146.000
