255.000
233.000
225.000
254.000
257.000
251.000
255.000
268.000
267.000
253.000
237.000
283.000
276.000
243.000
241.000
235.000
255.000
238.000
238.000
252.000
264.000
231.000
241.000
262.000
261.000
242.000
252.000
268.000
247.000
260.000
251.000
263.000
261.000
244.000
237.000
259.000
253.000
241.000
248.000
256.000
233.000
292.000
252.000
262.000
253.000
265.000
264.000
270.000
223.000
243.000
237.000
254.000
265.000
276.000
266.000
244.000
248.000
230.000
259.000
220.000
258.000
260.000
242.000
250.000
217.000
269.000
248.000
257.000
253.000
255.000
232.000
242.000
218.000
209.000
213.000
242.000
230.000
239.000
250.000
236.000
252.000
261.000
250.000
242.000
231.000
235.000
246.000
229.000
286.000
255.000
255.000
249.000
277.000
220.000
245.000
289.000
237.000
253.000
229.000
260.000
269.000
229.000
237.000
257.000
248.000
250.000
268.000
272.000
232.000
239.000
252.000
280.000
230.000
238.000
215.000
219.000
254.000
223.000
254.000
245.000
213.000
249.000
270.000
276.000
241.000
255.000
244.000
275.000
256.000
269.000
235.000
233.000
258.000
246.000
270.000
255.000
243.000
234.000
229.000
235.000
261.000
239.000
247.000
255.000
254.000
256.000
246.000
246.000
253.000
251.000
246.000
250.000
264.000
241.000
267.000
245.000
233.000
228.000
267.000
243.000
258.000
266.000
261.000
254.000
256.000
264.000
239.000
265.000
249.000
241.000
270.000
256.000
257.000
273.000
253.000
251.000
228.000
267.000
263.000
248.000
244.000
248.000
235.000
253.000
248.000
242.000
260.000
245.000
246.000
259.000
233.000
269.000
223.000
263.000
250.000
262.000
263.000
259.000
254.000
266.000
