212.000
217.000
200.000
197.000
168.000
181.000
203.000
204.000
187.000
180.000
201.000
209.000
198.000
183.000
188.000
188.000
192.000
206.000
194.000
218.000
180.000
186.000
190.000
166.000
213.000
180.000
165.000
196.000
186.000
194.000
187.000
205.000
186.000
187.000
187.000
189.000
189.000
174.000
179.000
173.000
195.000
178.000
189.000
179.000
182.000
201.000
195.000
192.000
211.000
216.000
184.000
176.000
196.000
190.000
208.000
196.000
189.000
184.000
217.000
187.000
192.000
176.000
203.000
193.000
185.000
196.000
209.000
192.000
221.000
187.000
212.000
187.000
193.000
188.000
188.000
181.000
184.000
189.000
180.000
212.000
167.000
201.000
186.000
194.000
207.000
181.000
215.000
202.000
202.000
164.000
188.000
174.000
194.000
190.000
193.000
184.000
207.000
188.000
197.000
202.000
194.000
190.000
191.000
178.000
169.000
178.000
208.000
186.000
197.000
195.000
209.000
177.000
215.000
197.000
186.000
159.000
198.000
222.000
205.000
199.000
200.000
189.000
172.000
178.000
176.000
183.000
188.000
168.000
216.000
203.000
185.000
172.000
185.000
182.000
191.000
171.000
200.000
188.000
203.000
203.000
188.000
188.000
181.000
179.000
209.000
191.000
200.000
193.000
164.000
185.000
195.000
177.000
189.000
188.000
208.000
197.000
195.000
198.000
195.000
213.000
194.000
201.000
204.000
196.000
210.000
202.000
185.000
218.000
241.000
203.000
198.000
186.000
197.000
184.000
178.000
198.000
235.000
171.000
178.000
198.000
197.000
183.000
201.000
201.000
230.000
212.000
195.000
189.000
169.000
180.000
187.000
231.000
174.000
184.000
207.000
180.000
194.000
179.000
210.000
195.000
212.000
199.000
186.000
189.000
226.000
180.000
137.000
201.000
195.000
194.000
171.000
200.000
166.000
197.000
184.000
189.000
200.000
210.000
181.000
173.000
197.000
206.000
205.000
172.000
186.000
201.000
207.000
207.000
191.000
200.000
195.000
197.000
187.000
213.000
189.000
217.000
203.000
190.000
186.000
191.000
189.000
186.000
190.000
186.000
186.000
182.000
184.000
207.000
205.000
183.000
