2752.000
2619.000
2650.000
2686.000
2738.000
2648.000
2688.000
2701.000
2706.000
2690.000
2772.000
2620.000
2744.000
2734.000
2642.000
2640.000
2602.000
2667.000
2732.000
2633.000
2680.000
2738.000
2534.000
2612.000
2703.000
2604.000
2712.000
2660.000
2725.000
2723.000
2711.000
2499.000
2710.000
2691.000
2685.000
2631.000
2641.000
2601.000
2638.000
2604.000
2740.000
2593.000
2678.000
2656.000
2579.000
2670.000
2684.000
2597.000
2732.000
2664.000
2589.000
2589.000
2698.000
2658.000
2704.000
2676.000
2636.000
2588.000
2593.000
2643.000
2615.000
2680.000
2683.000
2715.000
2631.000
2728.000
2598.000
2663.000
2657.000
2666.000
2639.000
2684.000
2581.000
2709.000
2683.000
2679.000
2635.000
2672.000
2571.000
2689.000
2722.000
2629.000
2614.000
2648.000
2675.000
2666.000
2774.000
2725.000
2623.000
2783.000
2664.000
2632.000
2552.000
2616.000
2728.000
2679.000
2662.000
2548.000
2610.000
2681.000
