417.000
400.000
412.000
427.000
412.000
395.000
407.000
426.000
414.000
418.000
444.000
385.000
425.000
436.000
413.000
438.000
434.000
413.000
477.000
389.000
416.000
430.000
412.000
420.000
420.000
398.000
447.000
386.000
398.000
430.000
413.000
385.000
446.000
403.000
442.000
413.000
455.000
396.000
422.000
447.000
405.000
429.000
434.000
376.000
408.000
401.000
409.000
405.000
413.000
402.000
438.000
441.000
421.000
413.000
408.000
409.000
432.000
371.000
428.000
391.000
409.000
442.000
402.000
420.000
436.000
425.000
429.000
423.000
409.000
400.000
415.000
436.000
397.000
422.000
412.000
418.000
412.000
423.000
429.000
421.000
407.000
451.000
410.000
436.000
382.000
403.000
402.000
396.000
395.000
418.000
422.000
424.000
394.000
418.000
427.000
421.000
447.000
445.000
363.000
427.000
457.000
435.000
439.000
389.000
416.000
424.000
395.000
424.000
416.000
404.000
426.000
414.000
422.000
406.000
454.000
434.000
415.000
401.000
420.000
375.000
444.000
401.000
430.000
360.000
429.000
444.000
410.000
411.000
410.000
439.000
411.000
381.000
399.000
425.000
404.000
421.000
394.000
428.000
446.000
429.000
