484.000
470.000
503.000
446.000
435.000
471.000
456.000
493.000
481.000
460.000
438.000
480.000
469.000
486.000
437.000
478.000
471.000
410.000
455.000
483.000
499.000
453.000
482.000
440.000
461.000
462.000
451.000
450.000
468.000
472.000
501.000
460.000
464.000
459.000
473.000
439.000
474.000
444.000
453.000
482.000
462.000
447.000
509.000
483.000
440.000
492.000
508.000
486.000
466.000
450.000
422.000
453.000
449.000
463.000
490.000
513.000
499.000
440.000
445.000
462.000
443.000
480.000
484.000
476.000
492.000
470.000
415.000
469.000
464.000
484.000
463.000
471.000
494.000
419.000
494.000
493.000
440.000
438.000
478.000
469.000
483.000
443.000
452.000
479.000
479.000
482.000
474.000
471.000
463.000
466.000
524.000
473.000
441.000
496.000
463.000
474.000
488.000
500.000
468.000
473.000
512.000
517.000
470.000
480.000
433.000
471.000
468.000
453.000
490.000
492.000
466.000
447.000
451.000
468.000
438.000
442.000
448.000
454.000
492.000
450.000
483.000
457.000
463.000
456.000
551.000
456.000
480.000
497.000
475.000
466.000
496.000
465.000
516.000
437.000
461.000
467.000
479.000
469.000
473.000
482.000
