64.000
33.000
39.000
41.000
51.000
38.000
39.000
53.000
40.000
46.000
40.000
53.000
45.000
41.000
53.000
47.000
49.000
39.000
41.000
36.000
58.000
46.000
36.000
36.000
42.000
48.000
37.000
44.000
47.000
34.000
44.000
62.000
42.000
56.000
36.000
48.000
44.000
43.000
35.000
44.000
62.000
35.000
62.000
38.000
49.000
46.000
49.000
58.000
35.000
34.000
64.000
50.000
41.000
43.000
47.000
42.000
41.000
52.000
57.000
41.000
38.000
40.000
41.000
49.000
49.000
48.000
31.000
48.000
31.000
44.000
38.000
53.000
50.000
38.000
52.000
58.000
47.000
55.000
37.000
52.000
52.000
49.000
40.000
43.000
62.000
47.000
41.000
49.000
45.000
48.000
42.000
36.000
49.000
33.000
43.000
43.000
53.000
40.000
39.000
54.000
38.000
40.000
51.000
52.000
43.000
44.000
43.000
48.000
36.000
37.000
47.000
44.000
49.000
39.000
33.000
42.000
38.000
45.000
54.000
52.000
42.000
43.000
38.000
43.000
33.000
38.000
47.000
49.000
64.000
49.000
53.000
43.000
47.000
39.000
43.000
51.000
36.000
34.000
45.000
36.000
54.000
42.000
43.000
39.000
36.000
53.000
32.000
47.000
47.000
51.000
53.000
55.000
45.000
40.000
39.000
43.000
50.000
44.000
39.000
56.000
45.000
39.000
36.000
41.000
43.000
51.000
47.000
36.000
39.000
43.000
42.000
46.000
39.000
46.000
42.000
49.000
48.000
38.000
52.000
48.000
47.000
56.000
38.000
35.000
45.000
52.000
37.000
43.000
52.000
40.000
42.000
42.000
57.000
46.000
50.000
41.000
45.000
42.000
51.000
51.000
35.000
47.000
53.000
40.000
46.000
43.000
46.000
50.000
49.000
39.000
49.000
57.000
44.000
45.000
52.000
43.000
46.000
48.000
44.000
43.000
48.000
38.000
49.000
37.000
41.000
45.000
44.000
43.000
48.000
38.000
41.000
49.000
46.000
48.000
41.000
46.000
51.000
49.000
40.000
38.000
52.000
43.000
50.000
48.000
51.000
42.000
32.000
43.000
48.000
40.000
41.000
46.000
41.000
43.000
44.000
56.000
42.000
37.000
48.000
48.000
36.000
50.000
50.000
46.000
56.000
43.000
33.000
40.000
55.000
49.000
37.000
42.000
44.000
45.000
49.000
43.000
43.000
53.000
55.000
51.000
43.000
50.000
40.000
51.000
53.000
47.000
61.000
57.000
40.000
36.000
31.000
35.000
41.000
35.000
49.000
59.000
34.000
42.000
45.000
41.000
35.000
30.000
36.000
39.000
48.000
46.000
46.000
36.000
47.000
41.000
37.000
49.000
39.000
67.000
50.000
43.000
46.000
39.000
53.000
48.000
45.000
36.000
45.000
42.000
44.000
46.000
41.000
40.000
40.000
39.000
47.000
45.000
51.000
45.000
36.000
48.000
53.000
37.000
36.000
53.000
35.000
60.000
45.000
42.000
34.000
40.000
47.000
53.000
41.000
52.000
45.000
55.000
45.000
45.000
38.000
58.000
32.000
56.000
55.000
47.000
51.000
47.000
42.000
42.000
36.000
52.000
57.000
30.000
40.000
51.000
47.000
39.000
45.000
54.000
46.000
33.000
40.000
39.000
49.000
53.000
52.000
52.000
41.000
40.000
37.000
51.000
50.000
50.000
37.000
41.000
40.000
46.000
57.000
52.000
44.000
49.000
41.000
46.000
61.000
40.000
53.000
38.000
36.000
44.000
41.000
47.000
56.000
38.000
35.000
47.000
41.000
37.000
51.000
46.000
51.000
43.000
42.000
44.000
50.000
48.000
36.000
44.000
30.000
58.000
50.000
39.000
32.000
49.000
47.000
42.000
42.000
49.000
39.000
59.000
34.000
43.000
48.000
58.000
43.000
45.000
65.000
48.000
44.000
48.000
50.000
43.000
44.000
53.000
38.000
48.000
29.000
41.000
53.000
37.000
37.000
38.000
54.000
36.000
38.000
44.000
48.000
39.000
44.000
48.000
46.000
49.000
44.000
53.000
46.000
38.000
45.000
46.000
38.000
52.000
53.000
44.000
45.000
45.000
50.000
50.000
36.000
45.000
52.000
46.000
40.000
50.000
59.000
36.000
47.000
54.000
42.000
36.000
42.000
57.000
46.000
36.000
38.000
50.000
53.000
55.000
