355.000
374.000
365.000
355.000
402.000
416.000
403.000
378.000
370.000
348.000
386.000
398.000
376.000
387.000
379.000
377.000
402.000
360.000
388.000
337.000
322.000
382.000
381.000
389.000
383.000
366.000
357.000
395.000
353.000
338.000
358.000
364.000
378.000
354.000
384.000
368.000
384.000
347.000
380.000
317.000
363.000
371.000
362.000
332.000
367.000
358.000
372.000
363.000
380.000
396.000
375.000
366.000
343.000
380.000
375.000
366.000
364.000
387.000
386.000
385.000
370.000
353.000
371.000
342.000
402.000
381.000
377.000
417.000
381.000
406.000
331.000
344.000
374.000
385.000
382.000
348.000
375.000
359.000
414.000
369.000
343.000
382.000
348.000
359.000
353.000
389.000
355.000
376.000
373.000
381.000
388.000
367.000
383.000
354.000
380.000
335.000
381.000
422.000
347.000
397.000
382.000
395.000
364.000
357.000
359.000
369.000
381.000
354.000
368.000
406.000
371.000
363.000
358.000
382.000
368.000
348.000
360.000
377.000
422.000
344.000
382.000
346.000
358.000
388.000
389.000
350.000
363.000
363.000
376.000
389.000
373.000
354.000
365.000
384.000
386.000
355.000
378.000
375.000
364.000
355.000
351.000
385.000
371.000
383.000
325.000
363.000
369.000
369.000
379.000
358.000
351.000
356.000
353.000
362.000
324.000
376.000
378.000
369.000
395.000
387.000
