1389.000
1334.000
1339.000
1304.000
1396.000
1343.000
1355.000
1293.000
1310.000
1266.000
1341.000
1329.000
1341.000
1321.000
1321.000
1372.000
1309.000
1309.000
1379.000
1348.000
1333.000
1274.000
1410.000
1348.000
1363.000
1367.000
1357.000
1339.000
1319.000
1364.000
1345.000
1344.000
1400.000
1302.000
1315.000
1349.000
1372.000
1353.000
1352.000
1295.000
1383.000
1325.000
1368.000
1306.000
1386.000
1368.000
1355.000
1362.000
1335.000
1405.000
1326.000
1359.000
1352.000
1459.000
1337.000
1304.000
1260.000
1327.000
1385.000
1308.000
1350.000
1366.000
1284.000
1333.000
1325.000
1362.000
1374.000
1337.000
1312.000
1353.000
1321.000
1384.000
1389.000
1379.000
1310.000
1332.000
1367.000
1382.000
1361.000
1390.000
1360.000
1380.000
1339.000
1339.000
1342.000
1373.000
1325.000
1326.000
1350.000
1311.000
1312.000
1349.000
1366.000
1353.000
1302.000
1349.000
1373.000
1352.000
1302.000
1418.000
