2122.000
2052.000
2137.000
2009.000
2094.000
2126.000
2026.000
2066.000
2041.000
1980.000
1979.000
2032.000
2052.000
2043.000
2089.000
2122.000
2061.000
2090.000
1999.000
2080.000
2150.000
2072.000
2017.000
2135.000
2071.000
2122.000
2142.000
2099.000
2088.000
2070.000
2048.000
2013.000
2026.000
2032.000
2055.000
2065.000
2059.000
2144.000
2080.000
2026.000
2099.000
2077.000
1998.000
2028.000
2062.000
2028.000
2101.000
2099.000
2004.000
2029.000
2012.000
2080.000
2050.000
2125.000
2065.000
1983.000
2043.000
2087.000
2094.000
1988.000
2072.000
2074.000
2006.000
2110.000
2109.000
2047.000
2031.000
2009.000
2031.000
2028.000
2091.000
2020.000
2057.000
2050.000
2079.000
2109.000
2099.000
2024.000
2094.000
2113.000
2021.000
2100.000
1994.000
2062.000
2114.000
2058.000
2067.000
1983.000
2049.000
2021.000
2056.000
2053.000
2104.000
2024.000
2034.000
2037.000
2089.000
2002.000
2038.000
1990.000
