977.000
988.000
1031.000
878.000
970.000
951.000
929.000
943.000
942.000
887.000
887.000
922.000
918.000
878.000
943.000
902.000
945.000
913.000
968.000
984.000
897.000
923.000
900.000
878.000
934.000
955.000
930.000
951.000
935.000
923.000
932.000
905.000
1010.000
970.000
912.000
964.000
902.000
986.000
930.000
905.000
915.000
912.000
960.000
957.000
922.000
968.000
947.000
894.000
1012.000
912.000
911.000
985.000
946.000
933.000
953.000
964.000
972.000
937.000
968.000
938.000
922.000
943.000
921.000
1027.000
944.000
921.000
941.000
932.000
975.000
937.000
974.000
956.000
937.000
897.000
981.000
945.000
962.000
919.000
881.000
985.000
915.000
889.000
937.000
900.000
971.000
918.000
933.000
899.000
951.000
928.000
899.000
964.000
984.000
944.000
916.000
940.000
903.000
933.000
966.000
968.000
992.000
971.000
942.000
932.000
910.000
915.000
933.000
895.000
980.000
942.000
943.000
967.000
944.000
930.000
888.000
941.000
960.000
956.000
946.000
908.000
