298.000
280.000
278.000
322.000
308.000
296.000
293.000
319.000
307.000
289.000
331.000
300.000
299.000
300.000
292.000
312.000
285.000
328.000
277.000
309.000
305.000
315.000
308.000
309.000
319.000
309.000
310.000
293.000
308.000
332.000
300.000
297.000
312.000
299.000
288.000
316.000
337.000
296.000
290.000
304.000
304.000
312.000
304.000
318.000
331.000
310.000
324.000
280.000
303.000
306.000
284.000
338.000
261.000
293.000
310.000
312.000
284.000
282.000
292.000
299.000
312.000
303.000
262.000
296.000
304.000
298.000
307.000
329.000
308.000
273.000
313.000
292.000
313.000
281.000
282.000
306.000
305.000
294.000
278.000
312.000
311.000
287.000
277.000
284.000
317.000
312.000
288.000
315.000
282.000
294.000
319.000
326.000
324.000
321.000
359.000
320.000
295.000
313.000
282.000
261.000
303.000
335.000
297.000
320.000
309.000
301.000
267.000
304.000
284.000
297.000
303.000
290.000
331.000
329.000
279.000
286.000
308.000
279.000
331.000
312.000
320.000
289.000
299.000
273.000
273.000
298.000
292.000
276.000
315.000
298.000
292.000
329.000
309.000
291.000
284.000
280.000
287.000
289.000
277.000
285.000
263.000
285.000
313.000
297.000
292.000
309.000
271.000
272.000
275.000
283.000
291.000
326.000
267.000
307.000
302.000
285.000
328.000
281.000
293.000
295.000
