42.000
36.000
20.000
26.000
23.000
30.000
27.000
26.000
17.000
39.000
31.000
26.000
29.000
31.000
26.000
29.000
27.000
25.000
36.000
43.000
30.000
30.000
28.000
33.000
28.000
23.000
34.000
28.000
32.000
38.000
34.000
24.000
36.000
21.000
36.000
25.000
29.000
28.000
32.000
28.000
30.000
32.000
25.000
23.000
32.000
28.000
33.000
29.000
29.000
26.000
25.000
25.000
30.000
32.000
27.000
38.000
30.000
17.000
33.000
37.000
23.000
35.000
25.000
31.000
23.000
28.000
24.000
34.000
29.000
39.000
32.000
32.000
31.000
23.000
29.000
32.000
33.000
29.000
33.000
32.000
28.000
21.000
38.000
19.000
38.000
29.000
36.000
31.000
24.000
35.000
29.000
22.000
32.000
24.000
23.000
31.000
31.000
33.000
26.000
28.000
27.000
29.000
23.000
29.000
34.000
27.000
37.000
25.000
27.000
26.000
31.000
30.000
40.000
27.000
36.000
30.000
34.000
33.000
31.000
27.000
31.000
21.000
23.000
29.000
31.000
30.000
27.000
31.000
30.000
34.000
25.000
31.000
34.000
24.000
40.000
24.000
24.000
39.000
31.000
33.000
21.000
23.000
28.000
31.000
32.000
28.000
32.000
30.000
36.000
40.000
26.000
30.000
21.000
37.000
21.000
16.000
27.000
30.000
34.000
29.000
30.000
36.000
28.000
24.000
18.000
32.000
40.000
32.000
43.000
26.000
26.000
28.000
36.000
29.000
24.000
39.000
35.000
31.000
32.000
31.000
31.000
30.000
32.000
30.000
25.000
36.000
37.000
33.000
28.000
36.000
40.000
22.000
33.000
20.000
36.000
31.000
33.000
26.000
27.000
40.000
20.000
32.000
33.000
33.000
28.000
30.000
27.000
28.000
33.000
26.000
38.000
36.000
30.000
17.000
25.000
22.000
19.000
43.000
33.000
27.000
21.000
33.000
28.000
27.000
31.000
33.000
37.000
34.000
25.000
40.000
32.000
45.000
36.000
35.000
34.000
29.000
20.000
35.000
26.000
26.000
30.000
30.000
39.000
29.000
30.000
25.000
37.000
25.000
25.000
26.000
35.000
36.000
38.000
25.000
30.000
27.000
33.000
35.000
43.000
26.000
34.000
26.000
32.000
30.000
32.000
33.000
24.000
34.000
29.000
25.000
36.000
25.000
29.000
29.000
28.000
41.000
24.000
31.000
25.000
31.000
34.000
27.000
29.000
24.000
33.000
39.000
34.000
29.000
37.000
24.000
28.000
31.000
38.000
33.000
34.000
28.000
23.000
25.000
34.000
23.000
28.000
32.000
25.000
35.000
39.000
30.000
23.000
36.000
35.000
32.000
25.000
43.000
29.000
36.000
37.000
28.000
30.000
29.000
30.000
38.000
29.000
24.000
33.000
37.000
30.000
30.000
33.000
36.000
29.000
33.000
38.000
32.000
31.000
29.000
30.000
37.000
34.000
26.000
24.000
26.000
39.000
24.000
31.000
32.000
37.000
29.000
25.000
40.000
30.000
33.000
33.000
28.000
26.000
30.000
30.000
24.000
38.000
38.000
31.000
25.000
27.000
29.000
19.000
39.000
29.000
31.000
20.000
27.000
42.000
27.000
30.000
33.000
22.000
30.000
44.000
31.000
26.000
40.000
36.000
34.000
30.000
29.000
29.000
30.000
39.000
35.000
30.000
28.000
31.000
34.000
31.000
38.000
39.000
34.000
22.000
30.000
38.000
36.000
32.000
26.000
26.000
26.000
27.000
30.000
23.000
30.000
27.000
41.000
37.000
27.000
30.000
38.000
32.000
25.000
39.000
33.000
36.000
36.000
29.000
27.000
30.000
39.000
31.000
28.000
29.000
30.000
36.000
35.000
21.000
30.000
26.000
28.000
29.000
39.000
32.000
26.000
35.000
24.000
34.000
22.000
31.000
20.000
28.000
37.000
27.000
42.000
39.000
28.000
31.000
34.000
38.000
29.000
31.000
32.000
29.000
28.000
37.000
26.000
25.000
29.000
37.000
28.000
39.000
27.000
36.000
31.000
32.000
31.000
31.000
28.000
32.000
24.000
22.000
30.000
36.000
28.000
31.000
37.000
36.000
37.000
33.000
34.000
30.000
38.000
38.000
29.000
25.000
31.000
38.000
35.000
35.000
30.000
29.000
25.000
24.000
34.000
42.000
33.000
44.000
33.000
36.000
33.000
24.000
31.000
27.000
19.000
30.000
28.000
29.000
26.000
28.000
25.000
30.000
41.000
23.000
24.000
30.000
32.000
22.000
18.000
33.000
36.000
30.000
19.000
27.000
28.000
29.000
24.000
36.000
43.000
24.000
26.000
26.000
34.000
25.000
26.000
25.000
35.000
33.000
33.000
36.000
39.000
32.000
21.000
24.000
34.000
33.000
29.000
22.000
33.000
31.000
20.000
35.000
30.000
19.000
24.000
35.000
33.000
30.000
34.000
26.000
27.000
31.000
28.000
41.000
27.000
34.000
28.000
23.000
26.000
29.000
29.000
24.000
21.000
25.000
33.000
41.000
32.000
34.000
41.000
24.000
24.000
29.000
22.000
29.000
22.000
29.000
29.000
36.000
34.000
33.000
35.000
30.000
27.000
24.000
23.000
34.000
22.000
23.000
38.000
