792.000
808.000
791.000
788.000
748.000
765.000
796.000
769.000
805.000
789.000
816.000
774.000
814.000
795.000
787.000
790.000
789.000
804.000
809.000
793.000
821.000
763.000
811.000
836.000
808.000
773.000
812.000
782.000
862.000
770.000
826.000
861.000
797.000
824.000
771.000
800.000
794.000
787.000
770.000
793.000
831.000
780.000
764.000
739.000
771.000
783.000
821.000
843.000
803.000
810.000
772.000
805.000
781.000
743.000
821.000
799.000
833.000
780.000
782.000
765.000
806.000
824.000
766.000
821.000
855.000
767.000
799.000
798.000
751.000
827.000
790.000
795.000
831.000
796.000
775.000
754.000
848.000
767.000
799.000
775.000
801.000
803.000
814.000
836.000
808.000
814.000
785.000
761.000
794.000
807.000
790.000
793.000
799.000
864.000
800.000
795.000
816.000
787.000
780.000
773.000
800.000
790.000
770.000
817.000
813.000
799.000
804.000
831.000
806.000
757.000
786.000
792.000
773.000
843.000
798.000
846.000
790.000
824.000
862.000
826.000
