1645.000
1633.000
1670.000
1666.000
1628.000
1691.000
1566.000
1614.000
1639.000
1633.000
1636.000
1606.000
1658.000
1623.000
1643.000
1650.000
1605.000
1584.000
1643.000
1602.000
1642.000
1614.000
1673.000
1681.000
1690.000
1656.000
1590.000
1549.000
1673.000
1649.000
1610.000
1588.000
1659.000
1567.000
1682.000
1696.000
1688.000
1657.000
1675.000
1612.000
1637.000
1590.000
1627.000
1604.000
1683.000
1600.000
1610.000
1598.000
1620.000
1618.000
1660.000
1648.000
1652.000
1639.000
1674.000
1635.000
1639.000
1710.000
1598.000
1690.000
1653.000
1649.000
1610.000
1617.000
1666.000
1677.000
1659.000
1687.000
1637.000
1655.000
1639.000
1659.000
1595.000
1606.000
1702.000
1679.000
1666.000
1670.000
1630.000
1620.000
1703.000
1635.000
1625.000
1610.000
1675.000
1607.000
1699.000
1616.000
1669.000
1588.000
1591.000
1662.000
1606.000
1717.000
1627.000
1670.000
1659.000
1691.000
1686.000
1619.000
