705.000
717.000
684.000
685.000
671.000
717.000
723.000
675.000
708.000
702.000
675.000
677.000
765.000
704.000
695.000
717.000
689.000
697.000
684.000
654.000
685.000
693.000
713.000
699.000
663.000
646.000
699.000
660.000
700.000
691.000
696.000
680.000
673.000
715.000
736.000
676.000
679.000
670.000
644.000
663.000
727.000
723.000
692.000
692.000
652.000
687.000
702.000
677.000
693.000
685.000
707.000
671.000
687.000
695.000
700.000
673.000
693.000
718.000
699.000
674.000
660.000
730.000
690.000
706.000
690.000
707.000
717.000
687.000
726.000
678.000
681.000
672.000
722.000
734.000
737.000
723.000
740.000
648.000
698.000
703.000
763.000
704.000
687.000
677.000
658.000
675.000
697.000
699.000
720.000
627.000
732.000
673.000
653.000
731.000
735.000
745.000
695.000
747.000
682.000
726.000
742.000
699.000
717.000
704.000
671.000
652.000
754.000
669.000
655.000
682.000
700.000
698.000
645.000
702.000
626.000
684.000
716.000
660.000
682.000
731.000
