15.000
18.000
23.000
24.000
21.000
19.000
18.000
21.000
15.000
21.000
25.000
12.000
18.000
18.000
13.000
24.000
21.000
21.000
19.000
27.000
21.000
21.000
19.000
17.000
22.000
21.000
17.000
19.000
15.000
18.000
24.000
24.000
25.000
20.000
25.000
13.000
16.000
17.000
23.000
20.000
18.000
22.000
26.000
18.000
25.000
19.000
23.000
18.000
20.000
18.000
18.000
27.000
21.000
23.000
21.000
12.000
23.000
30.000
19.000
30.000
19.000
23.000
26.000
16.000
25.000
23.000
26.000
22.000
19.000
21.000
21.000
22.000
20.000
22.000
15.000
24.000
20.000
16.000
17.000
19.000
12.000
20.000
23.000
26.000
23.000
20.000
16.000
20.000
29.000
24.000
20.000
23.000
27.000
18.000
17.000
23.000
18.000
30.000
21.000
17.000
18.000
19.000
18.000
23.000
21.000
21.000
27.000
13.000
17.000
22.000
15.000
22.000
19.000
22.000
23.000
20.000
20.000
14.000
16.000
19.000
20.000
17.000
21.000
24.000
21.000
17.000
23.000
24.000
25.000
33.000
20.000
17.000
23.000
26.000
22.000
23.000
16.000
24.000
26.000
20.000
18.000
23.000
28.000
23.000
19.000
16.000
19.000
30.000
20.000
23.000
15.000
22.000
17.000
21.000
18.000
24.000
25.000
18.000
22.000
17.000
23.000
31.000
31.000
21.000
22.000
29.000
21.000
24.000
19.000
18.000
19.000
25.000
18.000
20.000
25.000
31.000
19.000
19.000
12.000
22.000
22.000
20.000
29.000
21.000
19.000
30.000
22.000
20.000
22.000
14.000
16.000
18.000
17.000
20.000
26.000
17.000
21.000
15.000
21.000
25.000
21.000
24.000
18.000
29.000
24.000
15.000
12.000
15.000
18.000
18.000
27.000
23.000
18.000
25.000
14.000
19.000
25.000
18.000
21.000
20.000
15.000
28.000
18.000
19.000
19.000
22.000
16.000
20.000
26.000
27.000
19.000
28.000
16.000
28.000
31.000
26.000
27.000
20.000
20.000
27.000
20.000
16.000
23.000
17.000
22.000
22.000
13.000
22.000
20.000
24.000
15.000
21.000
26.000
17.000
25.000
21.000
29.000
15.000
26.000
24.000
15.000
21.000
25.000
22.000
27.000
24.000
16.000
22.000
20.000
25.000
24.000
15.000
27.000
26.000
23.000
16.000
21.000
20.000
23.000
23.000
18.000
22.000
29.000
21.000
29.000
24.000
14.000
23.000
21.000
23.000
25.000
26.000
23.000
32.000
28.000
23.000
24.000
23.000
22.000
22.000
29.000
22.000
24.000
25.000
23.000
19.000
26.000
20.000
25.000
29.000
18.000
28.000
27.000
20.000
22.000
24.000
24.000
26.000
21.000
26.000
21.000
21.000
18.000
22.000
20.000
16.000
17.000
20.000
25.000
20.000
23.000
26.000
18.000
20.000
15.000
18.000
19.000
33.000
25.000
14.000
27.000
23.000
24.000
15.000
14.000
24.000
24.000
24.000
29.000
25.000
20.000
26.000
24.000
24.000
18.000
23.000
19.000
16.000
19.000
17.000
26.000
16.000
25.000
33.000
21.000
14.000
20.000
26.000
14.000
17.000
21.000
23.000
12.000
16.000
12.000
20.000
20.000
17.000
17.000
20.000
28.000
20.000
22.000
17.000
29.000
27.000
20.000
20.000
20.000
18.000
24.000
23.000
22.000
25.000
19.000
26.000
25.000
23.000
25.000
15.000
19.000
25.000
17.000
19.000
20.000
20.000
13.000
21.000
19.000
18.000
9.000
23.000
20.000
17.000
15.000
23.000
22.000
20.000
19.000
26.000
21.000
24.000
24.000
27.000
20.000
25.000
24.000
16.000
33.000
30.000
18.000
18.000
16.000
24.000
22.000
17.000
25.000
25.000
17.000
24.000
21.000
20.000
19.000
17.000
24.000
20.000
25.000
26.000
20.000
19.000
25.000
18.000
13.000
16.000
26.000
22.000
15.000
28.000
20.000
25.000
21.000
20.000
31.000
22.000
31.000
18.000
19.000
17.000
17.000
20.000
17.000
16.000
18.000
18.000
19.000
22.000
19.000
17.000
25.000
22.000
23.000
21.000
14.000
24.000
12.000
14.000
19.000
37.000
20.000
20.000
26.000
21.000
29.000
19.000
26.000
31.000
20.000
18.000
18.000
26.000
23.000
25.000
23.000
23.000
12.000
19.000
15.000
28.000
17.000
12.000
26.000
24.000
23.000
22.000
24.000
23.000
18.000
20.000
24.000
21.000
20.000
20.000
21.000
25.000
25.000
20.000
20.000
17.000
21.000
28.000
15.000
22.000
25.000
16.000
30.000
20.000
26.000
18.000
25.000
25.000
18.000
18.000
27.000
22.000
25.000
20.000
21.000
27.000
25.000
21.000
27.000
22.000
20.000
31.000
19.000
18.000
14.000
16.000
17.000
23.000
23.000
13.000
30.000
26.000
23.000
16.000
18.000
18.000
15.000
15.000
20.000
20.000
24.000
18.000
31.000
22.000
34.000
16.000
10.000
21.000
15.000
26.000
23.000
24.000
22.000
21.000
21.000
24.000
26.000
19.000
24.000
21.000
25.000
25.000
19.000
22.000
25.000
24.000
17.000
23.000
24.000
17.000
19.000
21.000
21.000
26.000
21.000
23.000
28.000
21.000
32.000
24.000
23.000
14.000
18.000
21.000
15.000
23.000
18.000
13.000
22.000
17.000
20.000
27.000
27.000
13.000
21.000
19.000
21.000
29.000
34.000
26.000
20.000
25.000
24.000
23.000
18.000
23.000
30.000
20.000
31.000
17.000
19.000
20.000
20.000
18.000
19.000
27.000
26.000
26.000
21.000
25.000
15.000
23.000
22.000
23.000
31.000
26.000
24.000
26.000
16.000
17.000
22.000
23.000
19.000
22.000
23.000
23.000
26.000
15.000
22.000
16.000
21.000
19.000
18.000
24.000
22.000
17.000
26.000
28.000
14.000
20.000
24.000
15.000
32.000
19.000
23.000
22.000
17.000
21.000
27.000
16.000
17.000
25.000
25.000
21.000
23.000
16.000
21.000
19.000
18.000
25.000
30.000
24.000
19.000
29.000
21.000
18.000
13.000
25.000
30.000
22.000
20.000
15.000
33.000
20.000
22.000
13.000
18.000
24.000
31.000
25.000
14.000
23.000
20.000
25.000
23.000
27.000
19.000
28.000
22.000
13.000
20.000
28.000
20.000
18.000
17.000
24.000
23.000
28.000
21.000
27.000
22.000
24.000
23.000
28.000
17.000
19.000
21.000
29.000
15.000
31.000
25.000
14.000
20.000
22.000
32.000
22.000
23.000
16.000
17.000
27.000
24.000
23.000
17.000
17.000
16.000
22.000
20.000
20.000
21.000
18.000
21.000
18.000
25.000
11.000
25.000
19.000
21.000
34.000
19.000
26.000
16.000
19.000
13.000
22.000
23.000
24.000
19.000
22.000
23.000
24.000
10.000
17.000
19.000
17.000
17.000
26.000
16.000
20.000
