7057.000
7134.000
7094.000
7140.000
7091.000
7092.000
7120.000
7236.000
7155.000
7160.000
7255.000
7055.000
7104.000
7091.000
7135.000
7052.000
7270.000
7251.000
7254.000
7011.000
7233.000
7127.000
7197.000
7288.000
7149.000
7045.000
7195.000
7277.000
7133.000
7278.000
7051.000
7002.000
7185.000
7161.000
7161.000
6988.000
7216.000
7150.000
7144.000
7167.000
7241.000
7184.000
7258.000
7295.000
7145.000
7287.000
7315.000
7191.000
7060.000
7119.000
7099.000
7188.000
7094.000
7081.000
7277.000
7215.000
7204.000
7066.000
7164.000
7111.000
7175.000
7130.000
7013.000
7241.000
7133.000
7244.000
7019.000
7183.000
7224.000
7146.000
7240.000
7128.000
7279.000
7165.000
7207.000
7080.000
7165.000
7125.000
7292.000
7103.000
7140.000
7225.000
7070.000
7098.000
7102.000
7028.000
7225.000
7155.000
7100.000
7244.000
7181.000
7196.000
7177.000
7205.000
7145.000
7097.000
7176.000
7190.000
7097.000
6955.000
