17766.000
19703.000
19656.000
19729.000
19820.000
19646.000
19980.000
19674.000
19819.000
19714.000
19671.000
19720.000
19811.000
19646.000
19705.000
19939.000
19859.000
19806.000
19895.000
19825.000
19841.000
19900.000
19622.000
19864.000
19847.000
19762.000
19838.000
19740.000
19976.000
19741.000
19837.000
19805.000
19597.000
19718.000
19806.000
19902.000
19667.000
19670.000
20078.000
19708.000
19870.000
19500.000
19722.000
19666.000
19866.000
19818.000
19693.000
19884.000
19770.000
19845.000
19976.000
19837.000
19824.000
19717.000
19864.000
19796.000
19985.000
19714.000
20062.000
19723.000
19881.000
19977.000
19949.000
19716.000
19725.000
19722.000
19793.000
19994.000
19796.000
19575.000
19692.000
19604.000
19775.000
19632.000
19816.000
19765.000
19971.000
19725.000
19801.000
19938.000
20045.000
19893.000
19957.000
19982.000
19808.000
19835.000
19634.000
19720.000
19957.000
19727.000
19922.000
19707.000
19694.000
19731.000
19844.000
19973.000
19630.000
19577.000
19794.000
19702.000
