11265.000
11288.000
11274.000
11291.000
11237.000
11281.000
11325.000
11039.000
11315.000
11127.000
11190.000
11210.000
11283.000
11227.000
11341.000
11396.000
11339.000
11270.000
11226.000
11304.000
11323.000
11166.000
11302.000
11202.000
11273.000
11190.000
11286.000
11309.000
11286.000
11226.000
11197.000
11176.000
11405.000
11215.000
11525.000
11271.000
11133.000
11348.000
11263.000
11239.000
11230.000
10903.000
11373.000
11211.000
11314.000
11289.000
11366.000
11339.000
11103.000
11203.000
11272.000
11250.000
11276.000
11245.000
11301.000
11393.000
11430.000
11376.000
11224.000
11185.000
11497.000
11267.000
11410.000
11157.000
11274.000
11329.000
11325.000
11297.000
11308.000
11204.000
11425.000
11177.000
11238.000
11374.000
11235.000
11356.000
11507.000
11160.000
11280.000
11272.000
11333.000
11288.000
11168.000
11320.000
11439.000
11171.000
11415.000
11266.000
11162.000
11355.000
11176.000
11170.000
11469.000
11232.000
11339.000
11365.000
11349.000
11111.000
11243.000
11388.000
