142.000
133.000
131.000
131.000
135.000
145.000
140.000
141.000
130.000
151.000
123.000
129.000
138.000
140.000
138.000
138.000
113.000
143.000
123.000
117.000
137.000
140.000
148.000
134.000
148.000
123.000
137.000
142.000
150.000
129.000
148.000
122.000
131.000
117.000
137.000
128.000
142.000
133.000
124.000
128.000
145.000
148.000
133.000
138.000
154.000
134.000
129.000
134.000
139.000
140.000
134.000
154.000
116.000
148.000
142.000
141.000
126.000
124.000
146.000
128.000
150.000
134.000
129.000
109.000
155.000
152.000
133.000
138.000
122.000
146.000
141.000
143.000
149.000
146.000
127.000
126.000
129.000
127.000
136.000
126.000
126.000
130.000
140.000
126.000
138.000
144.000
127.000
138.000
132.000
133.000
133.000
142.000
130.000
132.000
111.000
116.000
137.000
144.000
126.000
130.000
146.000
135.000
152.000
118.000
129.000
132.000
126.000
138.000
137.000
151.000
133.000
153.000
144.000
152.000
124.000
152.000
116.000
129.000
133.000
126.000
138.000
134.000
127.000
113.000
148.000
154.000
150.000
159.000
128.000
140.000
125.000
147.000
140.000
139.000
122.000
150.000
131.000
162.000
128.000
141.000
134.000
152.000
127.000
129.000
104.000
134.000
153.000
134.000
149.000
142.000
133.000
131.000
163.000
148.000
117.000
133.000
131.000
139.000
135.000
123.000
131.000
135.000
144.000
128.000
149.000
134.000
124.000
154.000
137.000
130.000
133.000
153.000
134.000
130.000
118.000
145.000
145.000
129.000
136.000
135.000
122.000
156.000
144.000
147.000
140.000
136.000
127.000
134.000
135.000
150.000
145.000
139.000
122.000
132.000
135.000
145.000
139.000
133.000
115.000
137.000
132.000
133.000
128.000
148.000
146.000
156.000
135.000
129.000
122.000
129.000
122.000
119.000
122.000
120.000
117.000
115.000
149.000
150.000
138.000
148.000
141.000
151.000
117.000
129.000
143.000
144.000
130.000
135.000
130.000
144.000
122.000
138.000
122.000
115.000
149.000
158.000
123.000
136.000
121.000
135.000
137.000
133.000
122.000
116.000
124.000
133.000
138.000
149.000
126.000
141.000
148.000
147.000
142.000
142.000
127.000
140.000
138.000
131.000
136.000
132.000
142.000
135.000
171.000
139.000
138.000
126.000
129.000
138.000
141.000
116.000
148.000
143.000
133.000
119.000
124.000
166.000
144.000
135.000
156.000
129.000
134.000
127.000
146.000
134.000
127.000
133.000
125.000
121.000
140.000
136.000
145.000
134.000
140.000
127.000
136.000
141.000
131.000
136.000
130.000
142.000
112.000
118.000
139.000
133.000
128.000
113.000
124.000
135.000
135.000
142.000
131.000
137.000
125.000
121.000
130.000
136.000
123.000
131.000
138.000
155.000
138.000
133.000
139.000
130.000
116.000
135.000
154.000
139.000
128.000
148.000
135.000
150.000
160.000
132.000
137.000
133.000
159.000
158.000
121.000
145.000
121.000
137.000
124.000
142.000
150.000
137.000
129.000
127.000
145.000
128.000
138.000
135.000
129.000
139.000
124.000
143.000
120.000
138.000
164.000
120.000
117.000
153.000
146.000
117.000
142.000
142.000
131.000
155.000
158.000
130.000
146.000
131.000
155.000
127.000
128.000
159.000
138.000
137.000
132.000
151.000
149.000
143.000
139.000
137.000
142.000
132.000
151.000
152.000
143.000
118.000
135.000
115.000
135.000
116.000
163.000
144.000
116.000
144.000
143.000
133.000
130.000
130.000
126.000
141.000
132.000
136.000
124.000
141.000
134.000
133.000
146.000
118.000
148.000
131.000
155.000
120.000
157.000
139.000
143.000
132.000
145.000
137.000
148.000
108.000
140.000
143.000
134.000
140.000
127.000
134.000
150.000
102.000
131.000
149.000
128.000
131.000
123.000
111.000
125.000
151.000
146.000
148.000
132.000
129.000
128.000
129.000
115.000
136.000
122.000
135.000
132.000
115.000
142.000
144.000
152.000
143.000
153.000
138.000
146.000
149.000
158.000
134.000
123.000
137.000
141.000
136.000
150.000
137.000
123.000
130.000
155.000
136.000
130.000
143.000
168.000
133.000
133.000
140.000
131.000
135.000
148.000
127.000
139.000
121.000
129.000
133.000
145.000
125.000
146.000
138.000
128.000
134.000
134.000
136.000
149.000
140.000
130.000
134.000
139.000
136.000
134.000
132.000
126.000
110.000
130.000
128.000
116.000
140.000
164.000
132.000
137.000
127.000
137.000
129.000
139.000
140.000
131.000
137.000
136.000
156.000
134.000
116.000
158.000
143.000
152.000
127.000
121.000
152.000
123.000
143.000
137.000
135.000
127.000
138.000
112.000
142.000
132.000
134.000
115.000
129.000
113.000
157.000
137.000
137.000
130.000
107.000
120.000
138.000
120.000
143.000
137.000
126.000
115.000
162.000
149.000
139.000
116.000
150.000
147.000
121.000
132.000
142.000
141.000
125.000
150.000
143.000
119.000
124.000
144.000
152.000
134.000
153.000
128.000
124.000
120.000
131.000
143.000
147.000
135.000
127.000
127.000
129.000
137.000
139.000
126.000
131.000
123.000
146.000
142.000
123.000
162.000
140.000
134.000
134.000
155.000
139.000
151.000
153.000
131.000
145.000
126.000
118.000
148.000
135.000
126.000
112.000
142.000
125.000
127.000
137.000
153.000
125.000
128.000
156.000
150.000
154.000
126.000
150.000
138.000
140.000
126.000
134.000
127.000
144.000
138.000
139.000
129.000
115.000
128.000
157.000
141.000
111.000
134.000
127.000
141.000
143.000
134.000
158.000
142.000
119.000
137.000
133.000
142.000
138.000
151.000
135.000
120.000
134.000
104.000
139.000
143.000
141.000
116.000
144.000
146.000
135.000
134.000
138.000
128.000
148.000
148.000
128.000
126.000
137.000
132.000
126.000
132.000
147.000
127.000
167.000
132.000
150.000
131.000
152.000
146.000
136.000
138.000
131.000
127.000
118.000
142.000
147.000
110.000
140.000
116.000
123.000
126.000
141.000
148.000
122.000
133.000
125.000
130.000
159.000
143.000
142.000
138.000
126.000
122.000
132.000
127.000
128.000
159.000
130.000
130.000
147.000
158.000
136.000
129.000
146.000
137.000
124.000
130.000
126.000
139.000
137.000
134.000
130.000
143.000
157.000
145.000
120.000
106.000
138.000
102.000
124.000
149.000
146.000
133.000
134.000
144.000
136.000
125.000
149.000
137.000
122.000
145.000
127.000
142.000
124.000
147.000
124.000
131.000
126.000
147.000
134.000
136.000
155.000
127.000
121.000
146.000
137.000
147.000
140.000
127.000
148.000
122.000
147.000
131.000
119.000
130.000
117.000
119.000
150.000
143.000
115.000
118.000
142.000
129.000
118.000
141.000
143.000
141.000
151.000
139.000
148.000
141.000
142.000
154.000
135.000
137.000
140.000
152.000
146.000
156.000
139.000
103.000
132.000
147.000
153.000
120.000
144.000
133.000
100.000
128.000
149.000
141.000
143.000
121.000
141.000
