3465.000
3457.000
3410.000
3526.000
3543.000
3498.000
3539.000
3450.000
3396.000
3632.000
3522.000
3379.000
3499.000
3578.000
3498.000
3503.000
3493.000
3638.000
3517.000
3393.000
3491.000
3427.000
3500.000
3392.000
3515.000
3485.000
3552.000
3450.000
3446.000
3466.000
3501.000
3442.000
3507.000
3470.000
3482.000
3418.000
3525.000
3417.000
3453.000
3513.000
3463.000
3452.000
3373.000
3525.000
3492.000
3503.000
3424.000
3402.000
3496.000
3508.000
