0.000
1.000
3.000
3.000
3.000
5.000
3.000
4.000
5.000
5.000
2.000
2.000
3.000
8.000
6.000
2.000
4.000
4.000
1.000
4.000
3.000
3.000
2.000
3.000
3.000
6.000
3.000
5.000
4.000
8.000
4.000
1.000
6.000
3.000
7.000
5.000
2.000
3.000
2.000
6.000
5.000
5.000
3.000
5.000
5.000
1.000
1.000
2.000
3.000
4.000
1.000
2.000
1.000
5.000
5.000
1.000
2.000
2.000
2.000
6.000
7.000
6.000
7.000
3.000
4.000
5.000
0.000
8.000
7.000
3.000
6.000
1.000
2.000
5.000
4.000
2.000
4.000
2.000
1.000
6.000
2.000
4.000
2.000
7.000
3.000
2.000
4.000
3.000
6.000
3.000
3.000
0.000
1.000
1.000
30.000
1466.000
9963.000
10100.000
9930.000
10120.000
