770.000
803.000
826.000
750.000
812.000
810.000
798.000
826.000
776.000
837.000
799.000
796.000
833.000
796.000
761.000
737.000
769.000
862.000
772.000
816.000
789.000
779.000
802.000
848.000
809.000
745.000
804.000
866.000
801.000
797.000
824.000
811.000
836.000
759.000
775.000
799.000
787.000
778.000
761.000
855.000
771.000
756.000
796.000
808.000
776.000
793.000
807.000
761.000
841.000
777.000
859.000
846.000
805.000
751.000
792.000
833.000
782.000
786.000
747.000
802.000
824.000
839.000
826.000
847.000
811.000
778.000
748.000
864.000
763.000
834.000
814.000
810.000
772.000
768.000
795.000
781.000
791.000
775.000
853.000
787.000
805.000
772.000
777.000
737.000
813.000
830.000
826.000
786.000
743.000
822.000
770.000
794.000
846.000
826.000
823.000
773.000
830.000
779.000
812.000
795.000
777.000
805.000
821.000
804.000
818.000
777.000
746.000
754.000
804.000
767.000
851.000
764.000
797.000
836.000
830.000
828.000
841.000
789.000
811.000
807.000
823.000
804.000
739.000
811.000
797.000
752.000
825.000
796.000
839.000
837.000
800.000
788.000
820.000
791.000
819.000
812.000
814.000
761.000
841.000
782.000
731.000
817.000
776.000
828.000
819.000
786.000
772.000
826.000
845.000
810.000
814.000
777.000
816.000
797.000
792.000
793.000
823.000
782.000
800.000
793.000
743.000
775.000
846.000
799.000
798.000
807.000
849.000
776.000
803.000
775.000
816.000
808.000
794.000
805.000
794.000
820.000
796.000
829.000
799.000
808.000
815.000
827.000
796.000
762.000
779.000
768.000
823.000
804.000
734.000
810.000
797.000
778.000
777.000
835.000
779.000
785.000
810.000
810.000
788.000
744.000
