1607.000
1610.000
1601.000
1635.000
1628.000
1590.000
1648.000
1594.000
1623.000
1588.000
1630.000
1603.000
1577.000
1632.000
1627.000
1652.000
1628.000
1619.000
1634.000
1638.000
1690.000
1610.000
1655.000
1648.000
1679.000
1668.000
1620.000
1632.000
1580.000
1631.000
1670.000
1627.000
1706.000
1662.000
1650.000
1662.000
1689.000
1640.000
1622.000
1671.000
1564.000
1625.000
1686.000
1575.000
1594.000
1619.000
1615.000
1698.000
1599.000
1573.000
1618.000
1599.000
1589.000
1653.000
1565.000
1596.000
1667.000
1563.000
1648.000
1602.000
1630.000
1676.000
1651.000
1637.000
1593.000
1655.000
1628.000
1597.000
1696.000
1650.000
1644.000
1555.000
1590.000
1611.000
1684.000
1646.000
1635.000
1606.000
1587.000
1643.000
1656.000
1661.000
1639.000
1619.000
1584.000
1668.000
1617.000
1569.000
1667.000
1617.000
