2653.000
2557.000
2706.000
2746.000
2663.000
2675.000
2673.000
2722.000
2680.000
2689.000
2611.000
2632.000
2617.000
2620.000
2789.000
2646.000
2638.000
2744.000
2659.000
2665.000
2718.000
2626.000
2698.000
2567.000
2610.000
2592.000
2614.000
2711.000
2691.000
2738.000
2639.000
2670.000
2638.000
2708.000
2661.000
2628.000
2636.000
2625.000
2681.000
2714.000
2677.000
2655.000
2575.000
2768.000
2692.000
2670.000
2689.000
2764.000
2692.000
2718.000
