1158.000
1157.000
1154.000
1231.000
1175.000
1238.000
1190.000
1159.000
1179.000
1204.000
1258.000
1134.000
1195.000
1119.000
1192.000
1252.000
1139.000
1124.000
1149.000
1133.000
1183.000
1189.000
1205.000
1178.000
1099.000
1155.000
1186.000
1249.000
1177.000
1184.000
1181.000
1170.000
1248.000
1161.000
1157.000
1176.000
1160.000
1201.000
1258.000
1183.000
1147.000
1178.000
1206.000
1122.000
1185.000
1184.000
1167.000
1202.000
1143.000
1216.000
1177.000
1254.000
1172.000
1188.000
1216.000
1121.000
1149.000
1223.000
1172.000
1195.000
1178.000
1233.000
1142.000
1125.000
1182.000
1196.000
1132.000
1154.000
1132.000
1144.000
1185.000
1214.000
1187.000
1254.000
1183.000
1191.000
1199.000
1235.000
1235.000
1195.000
1185.000
1170.000
1178.000
1205.000
1148.000
1187.000
1189.000
1148.000
1188.000
1179.000
