436.000
458.000
427.000
458.000
466.000
493.000
453.000
421.000
474.000
449.000
442.000
477.000
464.000
531.000
437.000
413.000
446.000
451.000
431.000
464.000
439.000
468.000
459.000
458.000
424.000
450.000
438.000
475.000
413.000
463.000
436.000
455.000
444.000
432.000
459.000
490.000
458.000
445.000
457.000
478.000
454.000
419.000
450.000
410.000
461.000
455.000
409.000
446.000
467.000
465.000
472.000
445.000
479.000
452.000
463.000
453.000
422.000
475.000
461.000
467.000
440.000
470.000
422.000
426.000
446.000
433.000
449.000
446.000
464.000
441.000
422.000
487.000
469.000
458.000
471.000
461.000
448.000
456.000
433.000
479.000
442.000
442.000
474.000
482.000
470.000
446.000
424.000
486.000
446.000
445.000
441.000
470.000
471.000
451.000
478.000
426.000
443.000
426.000
437.000
477.000
475.000
489.000
485.000
487.000
469.000
434.000
495.000
457.000
459.000
424.000
463.000
462.000
516.000
487.000
469.000
448.000
445.000
434.000
467.000
494.000
428.000
464.000
427.000
480.000
412.000
477.000
446.000
488.000
444.000
469.000
462.000
454.000
472.000
454.000
447.000
485.000
468.000
466.000
427.000
455.000
416.000
416.000
449.000
471.000
412.000
473.000
489.000
460.000
440.000
454.000
426.000
429.000
439.000
475.000
428.000
457.000
450.000
442.000
436.000
463.000
461.000
432.000
454.000
494.000
393.000
402.000
427.000
480.000
474.000
460.000
462.000
392.000
475.000
453.000
417.000
442.000
456.000
434.000
470.000
447.000
496.000
471.000
487.000
419.000
481.000
451.000
458.000
439.000
462.000
464.000
469.000
434.000
430.000
461.000
472.000
451.000
463.000
491.000
467.000
470.000
448.000
599.000
413.000
440.000
458.000
470.000
497.000
473.000
458.000
459.000
440.000
417.000
445.000
466.000
437.000
441.000
430.000
483.000
475.000
485.000
476.000
417.000
452.000
454.000
477.000
426.000
436.000
485.000
482.000
426.000
