27.000
26.000
31.000
31.000
38.000
34.000
43.000
36.000
29.000
17.000
33.000
34.000
28.000
26.000
32.000
33.000
31.000
37.000
39.000
34.000
24.000
36.000
38.000
28.000
38.000
26.000
35.000
30.000
24.000
43.000
28.000
40.000
27.000
38.000
32.000
31.000
30.000
37.000
35.000
31.000
19.000
27.000
35.000
33.000
25.000
37.000
30.000
38.000
31.000
26.000
33.000
27.000
31.000
34.000
20.000
34.000
30.000
27.000
25.000
29.000
33.000
43.000
31.000
27.000
28.000
38.000
41.000
32.000
30.000
38.000
31.000
37.000
21.000
41.000
27.000
41.000
28.000
48.000
27.000
40.000
32.000
24.000
32.000
26.000
29.000
38.000
37.000
24.000
29.000
36.000
32.000
34.000
30.000
28.000
22.000
25.000
39.000
42.000
27.000
37.000
30.000
38.000
30.000
32.000
31.000
29.000
20.000
32.000
40.000
32.000
46.000
32.000
28.000
43.000
35.000
22.000
26.000
31.000
46.000
27.000
40.000
27.000
36.000
28.000
34.000
33.000
37.000
22.000
31.000
30.000
37.000
33.000
27.000
33.000
22.000
29.000
33.000
29.000
23.000
24.000
27.000
41.000
32.000
29.000
32.000
29.000
22.000
22.000
27.000
35.000
33.000
32.000
34.000
34.000
33.000
26.000
33.000
28.000
30.000
31.000
29.000
25.000
32.000
32.000
32.000
32.000
32.000
25.000
34.000
32.000
22.000
41.000
37.000
36.000
34.000
25.000
34.000
23.000
40.000
27.000
33.000
29.000
26.000
34.000
44.000
32.000
49.000
28.000
38.000
23.000
42.000
27.000
28.000
33.000
29.000
30.000
35.000
26.000
41.000
36.000
24.000
37.000
26.000
32.000
32.000
32.000
29.000
42.000
34.000
20.000
33.000
36.000
36.000
52.000
29.000
37.000
31.000
27.000
33.000
24.000
26.000
22.000
28.000
33.000
28.000
37.000
32.000
44.000
34.000
38.000
23.000
31.000
31.000
30.000
41.000
35.000
46.000
28.000
27.000
28.000
27.000
53.000
28.000
28.000
31.000
37.000
37.000
32.000
37.000
30.000
27.000
34.000
43.000
35.000
34.000
28.000
37.000
34.000
26.000
28.000
27.000
36.000
35.000
43.000
35.000
34.000
21.000
42.000
27.000
31.000
32.000
26.000
37.000
30.000
34.000
35.000
34.000
42.000
31.000
37.000
36.000
31.000
30.000
29.000
25.000
37.000
34.000
30.000
34.000
37.000
38.000
22.000
26.000
44.000
45.000
35.000
24.000
27.000
38.000
29.000
29.000
32.000
29.000
29.000
36.000
31.000
36.000
29.000
38.000
32.000
27.000
39.000
26.000
37.000
26.000
26.000
42.000
34.000
38.000
43.000
36.000
40.000
29.000
39.000
36.000
32.000
29.000
29.000
30.000
26.000
34.000
22.000
29.000
32.000
34.000
34.000
34.000
38.000
36.000
36.000
34.000
33.000
24.000
28.000
44.000
35.000
31.000
31.000
33.000
35.000
27.000
46.000
36.000
34.000
32.000
39.000
27.000
27.000
36.000
35.000
26.000
37.000
30.000
27.000
30.000
38.000
38.000
31.000
43.000
31.000
27.000
34.000
32.000
35.000
35.000
27.000
29.000
36.000
30.000
29.000
28.000
40.000
33.000
24.000
29.000
36.000
35.000
36.000
42.000
22.000
32.000
47.000
36.000
29.000
35.000
37.000
36.000
24.000
31.000
35.000
36.000
30.000
35.000
35.000
32.000
36.000
29.000
26.000
35.000
32.000
24.000
25.000
31.000
26.000
43.000
41.000
25.000
35.000
33.000
38.000
40.000
32.000
33.000
25.000
35.000
30.000
36.000
25.000
32.000
32.000
26.000
27.000
29.000
32.000
38.000
38.000
29.000
36.000
36.000
41.000
37.000
22.000
39.000
28.000
39.000
47.000
35.000
30.000
34.000
39.000
39.000
29.000
23.000
38.000
23.000
36.000
29.000
32.000
33.000
27.000
37.000
24.000
30.000
39.000
33.000
34.000
30.000
31.000
36.000
33.000
33.000
29.000
30.000
32.000
26.000
43.000
32.000
32.000
41.000
22.000
34.000
39.000
40.000
34.000
36.000
37.000
32.000
35.000
37.000
30.000
28.000
31.000
32.000
42.000
36.000
41.000
32.000
32.000
29.000
34.000
25.000
43.000
31.000
32.000
32.000
23.000
33.000
23.000
24.000
38.000
38.000
30.000
35.000
35.000
24.000
32.000
34.000
27.000
39.000
33.000
28.000
35.000
33.000
46.000
26.000
31.000
35.000
27.000
41.000
36.000
28.000
31.000
33.000
34.000
26.000
34.000
36.000
38.000
38.000
39.000
41.000
37.000
37.000
41.000
30.000
45.000
31.000
39.000
27.000
32.000
38.000
26.000
33.000
32.000
40.000
32.000
32.000
40.000
25.000
25.000
30.000
39.000
38.000
28.000
31.000
32.000
26.000
28.000
29.000
29.000
31.000
40.000
42.000
21.000
30.000
48.000
34.000
31.000
31.000
32.000
36.000
41.000
30.000
22.000
35.000
34.000
42.000
27.000
36.000
27.000
35.000
29.000
39.000
33.000
41.000
34.000
29.000
25.000
36.000
31.000
28.000
34.000
35.000
33.000
32.000
33.000
28.000
34.000
38.000
28.000
45.000
35.000
23.000
35.000
37.000
29.000
39.000
34.000
40.000
25.000
37.000
29.000
27.000
24.000
27.000
34.000
35.000
30.000
28.000
25.000
42.000
28.000
41.000
32.000
36.000
41.000
31.000
25.000
40.000
37.000
35.000
39.000
35.000
38.000
33.000
38.000
20.000
31.000
24.000
36.000
35.000
45.000
31.000
34.000
42.000
35.000
33.000
38.000
26.000
45.000
29.000
30.000
39.000
37.000
35.000
36.000
22.000
20.000
34.000
39.000
32.000
24.000
36.000
26.000
32.000
34.000
28.000
32.000
25.000
28.000
28.000
27.000
39.000
46.000
41.000
35.000
30.000
50.000
26.000
32.000
39.000
35.000
45.000
23.000
32.000
34.000
25.000
31.000
34.000
31.000
25.000
39.000
25.000
29.000
20.000
28.000
26.000
34.000
31.000
29.000
28.000
23.000
36.000
34.000
30.000
31.000
37.000
42.000
30.000
20.000
40.000
26.000
39.000
33.000
27.000
25.000
32.000
30.000
30.000
25.000
32.000
42.000
33.000
37.000
29.000
37.000
24.000
30.000
34.000
31.000
34.000
27.000
29.000
41.000
29.000
28.000
36.000
37.000
31.000
31.000
28.000
41.000
35.000
30.000
26.000
44.000
30.000
30.000
25.000
38.000
36.000
36.000
34.000
32.000
40.000
26.000
33.000
36.000
26.000
30.000
37.000
40.000
28.000
39.000
28.000
36.000
31.000
32.000
24.000
41.000
27.000
29.000
33.000
30.000
35.000
26.000
38.000
24.000
31.000
37.000
29.000
29.000
42.000
43.000
39.000
23.000
30.000
30.000
33.000
41.000
