6722.000
6875.000
6804.000
6637.000
6673.000
6785.000
6689.000
6772.000
6647.000
6787.000
6820.000
6852.000
6794.000
6814.000
6806.000
6697.000
6758.000
6845.000
6692.000
6686.000
6766.000
6766.000
6788.000
6940.000
6591.000
6795.000
6827.000
6730.000
6729.000
6842.000
6787.000
6671.000
6749.000
6731.000
6877.000
6891.000
6697.000
6762.000
6800.000
6811.000
6820.000
6737.000
6753.000
6732.000
6662.000
6876.000
6744.000
6782.000
6654.000
6805.000
